152,19
152,285
152,413
152,292
152,17
2,11
2,10
2,8
2,7
2,6
2,5
2,4
2,2
1,7
1,6
1,5
1,4
1,2
0,511
0,509
0,508
0,504
0,499
0,498
0,497
0,492
0,491
0,489
0,487
0,486
0,484
0,483
0,482
0,479
0,477
0,473
0,472
0,464
0,463
0,460
0,458
0,457
0,456
0,454
0,451
0,449
0,448
0,447
0,443
0,441
0,440
0,432
0,419
0,411
0,407
0,402
0,400
0,396
0,392
0,391
0,390
0,387
0,385
0,384
0,383
0,382
0,377
0,376
0,374
0,369
0,355
0,342
0,341
0,339
0,337
0,326
0,322
0,243
61,7
61,1
61,3
0,445
0,375
1,1
61,0
1,8
1,3
1,0
505,157
505,1
505,3
0,378
0,321
505,0
0,360
2,1
2,9
2,3
2,0
0,358
0,9
0,351
0,310
0,305
0,334
0,328
0,327
0,480
0,459
0,455
0,450
0,446
0,431
0,466
0,467
0,453
0,465
0,462
0,461
0,361
0,308
0,304
0,303
0,302
0,307
0,444
0,12
0,373
0,10
0,478
0,8
0,0
0,505
0,300
0,429
0,299
0,318
0,298
0,297
0,420
0,296
0,317
0,295
0,348
0,294
0,350
0,293
0,316
0,292
0,423
0,291
0,490
0,290
0,434
0,289
0,488
0,288
0,349
0,287
0,470
0,286
0,501
0,285
0,315
0,284
0,320
0,283
0,345
0,282
0,343
0,281
0,414
0,280
0,399
0,279
0,476
0,278
0,346
2,12
2,13
2,15
2,16
2,18
2,19
2,21
2,23
2,24
2,26
2,27
2,29
2,31
2,32
2,34
2,35
2,65
2,66
2,68
2,70
2,71
2,73
2,74
2,76
2,78
2,79
2,81
2,82
2,84
2,85
2,87
2,89
2,90
2,92
2,93
2,95
2,97
2,98
2,100
2,101
2,103
2,104
2,106
2,108
2,109
2,111
2,112
2,114
2,116
2,117
2,119
2,120
2,122
2,124
2,125
2,127
2,128
2,130
2,131
3,1
3,3
3,4
3,6
4,0
4,2
24,0
24,1
24,3
24,4
24,6
24,7
24,9
25,1
25,2
25,4
25,5
25,7
25,9
25,10
25,12
25,13
25,15
25,16
25,18
25,20
25,21
26,0
26,1
26,3
26,5
26,6
26,8
26,9
26,11
26,13
26,14
26,16
26,17
26,19
26,20
27,0
27,2
27,3
27,5
27,6
27,8
27,10
27,11
27,13
27,14
27,16
27,17
27,19
27,21
27,22
27,24
27,25
28,1
28,3
28,4
28,6
28,7
29,0
29,1
29,3
30,0
30,1
30,3
30,4
30,6
31,1
31,2
31,4
32,0
32,2
32,3
32,5
32,7
32,8
33,1
33,2
33,4
33,6
33,7
34,1
34,2
34,4
34,6
35,0
35,2
35,3
35,5
35,6
36,0
36,2
36,3
36,5
36,6
36,8
37,0
37,1
37,3
37,4
38,0
38,1
38,3
39,0
39,1
39,3
39,4
40,1
40,3
40,4
41,0
41,1
41,3
41,4
42,0
42,2
42,3
42,5
43,0
43,2
43,4
43,5
43,7
43,8
43,10
43,12
43,13
43,15
44,0
44,2
44,3
45,0
45,2
45,3
45,5
45,6
45,8
46,1
46,2
47,0
47,1
47,3
47,4
48,1
48,3
48,4
48,6
49,0
49,2
49,4
49,5
49,7
50,0
50,2
50,3
50,5
51,0
51,1
51,3
51,4
51,6
52,0
52,1
52,3
52,4
53,0
53,1
53,3
53,5
54,0
54,2
54,3
54,5
55,0
55,1
55,3
55,4
56,0
56,2
56,3
56,5
56,6
57,1
57,2
57,4
57,6
58,0
58,2
58,3
58,5
59,0
59,1
59,3
59,4
60,1
60,2
60,4
61,4
61,5
61,8
62,0
62,2
62,4
62,5
62,7
62,8
62,10
62,11
62,13
62,15
62,16
62,18
63,0
63,2
63,4
63,5
64,1
64,2
64,4
64,6
65,0
65,2
65,3
66,0
66,1
66,3
66,5
67,0
67,2
67,3
67,5
67,7
67,8
68,0
68,1
68,3
68,4
68,6
69,1
69,2
69,4
69,5
70,0
70,2
70,3
70,5
70,6
71,1
71,2
71,4
71,6
71,7
72,1
72,2
72,4
72,6
72,7
73,1
73,2
73,4
73,6
73,7
74,1
74,2
74,4
74,5
74,7
74,9
74,10
75,1
75,2
75,4
76,0
76,1
76,3
76,4
76,6
77,0
77,2
78,0
78,1
78,3
78,4
78,6
78,8
78,9
78,11
80,0
80,2
80,3
80,5
81,0
81,1
81,3
81,4
81,6
82,1
82,2
82,4
82,5
83,0
83,1
83,3
83,5
83,6
83,8
83,9
84,0
84,2
84,3
84,5
84,6
84,8
84,10
84,11
84,13
84,14
84,16
84,17
84,19
84,21
84,22
84,24
84,25
84,27
84,29
84,30
84,32
84,33
84,35
84,36
84,38
84,40
84,41
84,43
85,0
85,2
85,4
85,5
86,0
86,1
86,3
86,4
87,0
87,2
87,3
88,1
88,2
89,0
89,2
89,3
90,0
90,1
90,3
90,5
90,6
91,0
91,1
91,3
91,4
91,6
92,0
92,1
92,3
92,4
92,6
93,1
93,2
93,4
93,5
94,1
94,2
94,4
94,6
95,0
95,2
95,3
95,5
96,0
96,1
96,3
96,4
97,1
97,2
97,4
98,1
98,2
98,4
99,0
99,2
99,4
99,5
99,7
100,0
100,2
100,3
100,5
101,0
101,1
101,3
101,4
102,1
102,3
102,4
103,1
103,2
103,4
104,1
104,2
104,4
105,0
105,2
105,3
106,1
106,3
106,4
107,0
107,1
107,3
108,0
108,1
108,3
108,4
109,1
109,2
109,4
110,1
110,2
111,0
111,1
111,3
112,1
112,2
112,4
113,0
113,2
113,3
114,0
114,2
114,3
114,5
114,6
115,1
115,3
115,4
116,1
116,2
116,4
117,1
117,2
117,4
118,0
118,2
118,3
118,5
119,1
119,2
119,4
119,5
119,7
120,1
120,2
120,4
120,5
121,0
121,1
121,3
121,5
122,0
122,2
122,3
122,5
122,7
122,8
122,10
122,11
123,0
123,1
123,3
123,5
123,6
123,8
123,9
124,1
124,3
124,4
124,6
124,7
124,9
125,0
125,2
125,4
125,5
125,7
125,8
126,0
126,2
126,3
126,5
126,6
126,8
126,10
126,11
127,1
127,2
127,4
127,5
127,7
127,9
127,10
127,12
128,0
128,2
128,4
129,0
129,2
129,3
129,5
129,6
130,0
130,2
130,3
131,1
131,2
131,4
132,0
132,1
132,3
132,4
132,6
132,7
133,1
133,3
133,4
134,1
134,2
134,4
134,6
134,7
135,1
135,2
135,4
136,0
136,1
136,3
136,4
137,0
137,1
137,3
137,5
137,6
138,1
138,2
138,4
139,0
139,1
139,3
139,4
140,1
140,2
140,4
140,6
141,0
141,2
141,3
141,5
142,1
142,2
142,4
143,0
143,2
143,3
143,5
144,1
144,2
144,4
144,5
145,1
145,3
146,0
146,2
146,3
146,5
147,1
147,2
147,4
147,5
148,1
148,2
148,4
148,6
149,0
149,2
149,3
149,5
150,1
150,2
150,4
151,0
151,2
151,3
152,1
152,3
152,4
152,6
152,7
152,9
152,11
152,12
152,14
152,28
152,254
153,1
153,2
153,4
153,5
154,1
154,3
154,4
154,6
155,0
155,2
155,3
156,1
156,3
156,4
157,0
157,1
157,3
158,1
158,2
158,4
159,0
159,2
159,4
160,0
160,2
160,3
160,5
160,6
161,1
161,3
161,4
161,6
162,0
162,2
162,4
162,5
163,1
163,2
163,4
164,0
164,2
164,4
164,5
164,7
164,8
164,10
164,12
164,13
165,0
165,1
165,3
165,4
165,6
166,0
166,1
166,3
166,4
167,0
167,2
167,3
167,5
167,6
167,8
168,0
168,1
168,3
168,4
169,0
169,1
169,3
170,0
170,1
170,3
170,4
170,6
171,0
171,1
171,3
172,0
172,2
172,3
173,1
173,3
173,4
173,6
173,7
174,1
174,3
174,4
175,0
175,1
175,3
175,4
175,6
176,1
176,2
176,4
176,5
177,1
177,3
177,4
178,0
178,1
178,3
178,4
178,6
179,0
179,1
179,3
179,4
180,0
180,2
180,3
180,5
181,0
181,2
181,4
181,5
181,7
182,0
182,2
182,3
182,5
183,0
183,1
183,3
183,4
184,1
184,3
184,4
184,6
185,0
185,2
185,3
185,5
186,0
186,1
186,3
186,4
187,1
187,3
187,4
187,6
187,7
188,1
188,2
188,4
188,6
189,0
189,2
189,3
189,5
189,7
190,0
190,2
190,3
191,0
191,2
191,3
191,5
192,0
192,2
192,3
193,0
193,2
193,3
193,5
193,6
194,1
194,3
194,4
194,6
195,0
195,2
195,3
195,5
196,0
196,1
196,3
196,4
197,1
197,3
197,4
197,6
198,0
198,2
198,3
199,0
199,2
199,3
199,5
199,6
200,1
200,3
200,4
200,6
201,0
201,2
201,3
202,0
202,2
202,3
202,5
203,0
203,2
203,4
204,0
204,2
204,3
204,5
204,7
205,0
205,2
205,3
205,5
206,0
206,2
206,4
206,5
206,7
207,0
207,2
207,4
207,5
207,7
207,8
208,1
208,2
208,4
208,6
208,7
209,1
209,2
209,4
210,0
210,1
210,3
210,4
210,6
211,0
211,2
211,4
211,5
212,0
212,1
212,3
212,5
212,6
213,1
213,2
213,4
214,0
214,1
214,3
214,4
215,0
215,1
215,3
215,5
216,0
216,2
216,3
216,5
217,1
217,2
217,4
217,5
217,7
218,0
218,2
218,4
218,5
219,1
219,2
219,4
219,6
220,0
220,2
220,3
220,5
220,6
220,8
221,1
221,2
221,4
221,5
222,1
222,3
223,0
223,2
223,3
223,5
224,1
224,2
224,4
224,5
225,0
225,1
225,3
225,5
225,6
226,1
226,2
226,4
227,0
227,1
227,3
227,4
228,0
228,1
228,3
228,5
228,6
229,1
229,2
229,4
230,0
230,1
230,3
230,4
231,0
231,1
231,3
231,5
231,6
232,1
232,2
232,4
233,0
233,1
233,3
233,4
233,6
234,0
234,2
234,4
234,5
235,1
235,2
235,4
235,6
236,0
236,2
236,3
236,5
237,1
237,2
237,4
237,5
238,0
238,1
238,3
238,5
239,0
239,2
239,3
239,5
240,1
240,2
240,4
240,5
240,7
240,8
241,0
241,2
241,3
242,0
242,1
242,3
242,5
243,0
243,2
243,3
243,5
244,0
244,2
244,4
244,5
245,1
245,2
245,4
246,1
246,2
246,4
246,5
246,7
247,0
247,1
247,3
247,4
248,1
248,2
248,4
249,1
249,2
249,4
249,5
249,7
250,1
250,2
250,4
251,0
251,2
251,3
251,5
252,0
252,1
252,3
252,4
252,6
253,1
253,2
253,4
253,5
254,0
254,1
254,3
254,5
254,6
255,1
255,2
255,4
255,6
256,0
256,2
256,3
256,5
256,6
257,0
257,2
257,3
258,1
258,2
258,4
259,1
259,2
259,4
260,0
260,2
260,4
261,0
261,2
261,3
261,5
262,0
262,2
262,4
262,5
263,1
263,2
263,4
264,1
264,2
264,4
265,0
265,2
265,3
265,5
266,1
266,2
266,4
266,5
267,1
267,3
267,4
268,1
268,2
268,4
269,0
269,2
269,4
270,0
270,2
270,3
270,5
271,0
271,1
271,3
271,4
272,1
272,3
272,4
273,1
273,2
273,4
274,0
274,2
274,4
275,0
275,2
275,3
276,0
276,2
276,3
277,0
277,1
277,3
277,4
278,1
278,3
278,4
279,1
279,2
279,4
280,1
280,2
280,4
281,0
281,2
281,3
282,0
282,2
282,3
283,0
283,1
283,3
284,0
284,1
284,3
284,4
285,0
285,1
285,3
286,0
286,1
286,3
286,4
287,0
287,2
287,3
288,0
288,1
288,3
289,0
289,1
289,3
289,4
290,1
290,2
290,4
291,0
291,1
291,3
291,4
291,6
291,8
292,0
292,2
292,3
292,5
292,6
293,0
293,2
293,3
293,5
293,6
294,0
294,2
294,3
294,5
295,0
295,2
295,3
295,5
296,0
296,1
296,3
296,4
296,6
297,1
297,2
297,4
298,0
298,2
298,4
298,5
298,7
299,0
299,2
299,3
299,5
303,1
303,2
303,4
304,0
304,2
304,4
305,0
305,2
305,3
306,0
306,1
306,3
306,5
306,6
307,0
307,1
307,3
307,5
307,6
308,0
308,1
308,3
308,4
308,6
308,8
309,0
309,2
309,3
310,0
310,2
310,3
311,0
311,1
311,3
311,5
311,6
312,1
312,2
312,4
313,0
313,2
313,4
313,5
314,1
314,2
314,4
315,0
315,1
315,3
315,4
316,0
316,1
316,3
317,0
317,1
317,3
317,4
318,1
318,3
318,4
319,0
319,1
319,3
319,4
319,6
320,1
320,2
320,4
320,5
321,1
321,3
321,4
321,6
322,0
322,2
322,3
322,5
323,0
323,1
323,3
323,4
324,0
324,2
324,3
325,0
325,1
325,3
326,0
326,1
326,3
326,4
326,6
326,7
327,1
327,3
327,4
327,6
327,7
327,9
328,1
328,2
328,4
328,5
329,0
329,1
329,3
329,5
329,6
330,1
330,2
330,4
330,6
331,0
331,2
331,3
331,5
331,6
332,0
332,2
332,3
333,0
333,1
333,3
333,5
333,6
334,0
334,1
334,3
334,5
334,6
335,1
335,2
335,4
336,0
336,2
336,4
336,5
337,0
337,1
337,3
338,0
338,1
338,3
338,4
339,1
339,2
339,4
340,0
340,1
340,3
341,0
341,2
341,4
342,0
342,2
342,3
342,5
342,6
342,8
343,1
343,2
343,4
343,5
344,1
344,3
344,4
345,1
345,2
345,4
346,0
346,2
346,4
347,0
347,2
347,3
348,0
348,2
348,3
348,5
349,0
349,2
349,4
349,5
349,7
350,0
350,2
350,3
350,5
351,1
351,2
351,4
351,5
352,1
352,3
352,4
352,6
353,0
353,2
353,3
353,5
354,0
354,1
354,3
354,4
355,1
355,3
355,4
356,1
356,2
356,4
356,5
357,0
357,2
357,3
358,0
358,1
358,3
358,5
358,6
359,0
359,1
359,3
360,0
360,1
360,3
360,4
361,0
361,1
361,3
362,0
362,1
362,3
362,4
363,1
363,3
363,4
364,0
364,1
364,3
364,4
365,0
365,2
365,3
366,0
366,1
366,3
366,5
366,6
367,1
367,2
367,4
367,5
367,7
368,0
368,1
368,3
368,4
369,0
369,2
369,3
370,0
370,1
370,3
370,4
371,1
371,3
371,4
372,0
372,1
372,3
373,0
373,1
373,3
373,4
374,1
374,3
374,4
375,1
375,2
375,4
375,5
375,7
376,1
376,2
376,4
376,5
377,1
377,3
377,4
377,6
378,0
378,2
378,3
378,5
379,1
379,2
379,4
379,5
380,0
380,2
380,3
380,5
381,0
381,2
381,3
381,5
382,0
382,1
382,3
382,4
383,0
383,2
383,3
384,0
384,1
384,3
385,1
385,2
385,4
385,5
386,0
386,1
386,3
386,5
387,0
387,2
387,3
388,0
388,2
388,3
389,0
389,1
389,3
389,4
390,0
390,2
390,3
390,5
391,0
391,2
391,4
392,0
392,2
392,3
393,0
393,1
393,3
393,5
394,0
394,2
394,3
395,1
395,3
395,4
396,1
396,2
396,4
396,6
397,0
397,2
397,3
397,5
397,6
398,1
398,3
398,4
399,0
399,1
399,3
399,5
399,6
400,1
400,2
400,4
400,5
401,1
401,3
401,4
401,6
401,7
402,0
402,2
402,3
402,5
402,6
403,1
403,2
403,4
403,6
404,0
404,2
404,3
404,5
405,0
405,1
405,3
405,4
406,1
406,2
406,4
407,0
407,1
407,3
407,4
408,1
408,3
408,4
409,1
409,2
409,4
409,6
410,0
410,2
410,3
410,5
411,0
411,2
411,4
412,0
412,2
412,3
412,5
413,1
413,2
413,4
413,5
414,0
414,1
414,3
414,5
415,0
415,2
415,3
415,5
416,0
416,1
416,3
416,4
417,0
417,1
417,3
417,5
417,6
418,1
418,2
418,4
418,6
418,7
419,0
419,1
419,3
420,0
420,1
420,3
420,4
420,6
421,0
421,2
421,4
421,5
422,1
422,2
422,4
423,1
423,2
423,4
424,0
424,2
424,3
424,5
424,7
425,0
425,2
425,3
426,1
426,3
426,4
427,1
427,2
427,4
428,0
428,2
428,4
428,5
429,0
429,1
429,3
430,0
430,1
430,3
430,4
431,1
431,2
431,4
432,1
432,2
432,4
432,5
432,7
433,1
433,2
433,4
434,0
434,2
434,4
434,5
435,1
435,2
435,4
436,0
436,2
436,4
436,5
438,1
438,2
438,4
438,6
438,7
438,9
439,0
439,2
439,3
440,1
440,3
441,0
441,2
441,3
442,1
442,3
443,0
443,2
443,3
444,1
444,2
445,0
445,2
445,3
446,1
446,2
447,0
447,2
447,3
448,1
448,2
449,0
449,2
449,3
450,1
450,2
450,4
450,5
451,0
451,2
451,3
452,0
452,1
452,3
452,5
452,6
452,8
452,9
452,11
453,0
453,2
453,4
453,5
454,0
454,1
454,3
454,5
454,6
455,1
455,2
455,4
456,0
456,2
456,4
456,5
457,1
457,2
457,4
457,6
458,0
458,2
458,3
458,5
459,0
459,2
459,4
459,5
460,1
460,2
460,4
461,1
461,2
461,4
461,5
462,1
462,3
463,0
463,2
463,3
463,5
463,6
464,0
464,2
464,3
465,1
465,2
466,0
466,2
466,3
466,5
466,6
467,1
467,2
467,4
467,6
468,0
468,2
468,3
469,0
469,2
469,3
469,5
469,6
470,0
470,1
470,3
470,5
471,0
471,2
471,3
471,5
472,1
472,2
472,4
472,5
473,1
473,3
473,4
473,6
474,0
474,2
474,3
475,0
475,2
475,3
475,5
476,0
476,2
476,4
476,5
476,7
477,0
477,2
477,3
477,5
478,1
478,2
478,4
478,5
479,1
479,3
480,0
480,2
480,3
480,5
481,0
481,2
481,4
482,0
482,2
482,3
482,5
483,1
483,2
483,4
483,5
484,1
484,3
484,4
485,0
485,1
485,3
485,4
486,0
486,2
486,3
486,5
487,0
487,2
487,4
488,0
488,2
488,3
488,5
489,0
489,2
489,4
489,5
490,1
490,2
490,4
491,0
491,1
491,3
491,4
492,1
492,2
493,0
493,2
493,3
493,5
493,6
494,0
494,2
494,3
495,0
495,1
495,3
495,4
496,1
496,3
496,4
497,1
497,2
497,4
498,1
498,2
498,4
498,5
499,1
499,3
499,4
500,1
500,2
500,4
501,0
501,2
501,4
502,0
502,2
502,3
503,0
503,2
503,3
504,0
504,1
504,3
504,4
505,4
505,6
505,7
505,9
505,10
505,12
505,14
505,15
505,17
505,18
505,20
505,21
505,23
505,25
505,26
505,28
505,29
505,31
505,33
505,34
505,36
505,37
505,39
505,41
505,42
505,44
505,45
505,47
505,48
505,50
505,52
505,53
505,55
505,56
505,58
505,60
505,61
505,63
505,64
505,80
505,85
505,92
505,96
505,97
505,107
517,0
517,3
520,0
520,1
532,0
532,1
152,392
505,75
505,84
152,448
152,460
152,456
152,451
152,284
152,43
152,293
152,21
152,119
152,299
152,459
152,454
152,458
152,127
152,169
152,118
152,411
152,412
152,452
152,453
505,76
532,3
520,3
517,4
517,1
505,98
505,93
505,91
505,68
505,62
505,59
505,57
505,54
505,51
505,49
505,46
505,43
505,40
505,38
505,35
505,32
505,30
505,27
505,24
505,22
505,19
505,16
505,13
505,11
505,8
505,5
505,2
504,2
503,4
503,1
502,4
502,1
501,3
501,1
500,3
500,0
499,2
499,0
498,3
498,0
497,3
497,0
496,2
496,0
495,2
494,4
494,1
493,7
493,4
493,1
492,3
492,0
491,2
490,5
490,3
490,0
489,3
489,1
488,4
488,1
487,3
487,1
486,4
486,1
485,5
485,2
484,5
484,2
484,0
483,3
483,0
482,4
482,1
481,3
481,1
480,4
480,1
479,2
479,0
478,3
478,0
477,4
477,1
476,6
476,3
476,1
475,4
475,1
474,4
474,1
473,5
473,2
473,0
472,3
472,0
471,4
471,1
470,4
470,2
469,7
469,4
469,1
468,4
468,1
467,5
467,3
467,0
466,4
466,1
465,3
465,0
464,1
463,7
463,4
463,1
462,2
462,0
461,3
461,0
460,3
460,0
459,3
459,1
458,4
458,1
457,5
457,3
457,0
456,3
456,1
455,3
455,0
454,4
454,2
453,6
453,3
453,1
452,10
452,7
452,4
452,2
451,4
451,1
450,6
450,3
450,0
449,1
448,3
448,0
447,1
446,3
446,0
445,1
444,3
444,0
443,1
442,2
442,0
441,1
440,2
440,0
439,1
438,8
438,5
438,3
438,0
436,3
436,1
435,3
435,0
434,3
434,1
433,3
433,0
432,6
432,3
432,0
431,3
431,0
430,2
429,4
429,2
428,6
428,3
428,1
427,3
427,0
426,2
426,0
425,1
424,6
424,4
424,1
423,3
423,0
422,3
422,0
421,3
421,1
420,5
420,2
419,4
419,2
418,8
418,5
418,3
418,0
417,4
417,2
416,5
416,2
415,6
415,4
415,1
414,4
414,2
413,6
413,3
413,0
412,4
412,1
411,3
411,1
410,4
410,1
409,5
409,3
409,0
408,2
408,0
407,2
406,5
406,3
406,0
405,2
404,6
404,4
404,1
403,5
403,3
403,0
402,4
402,1
401,8
401,5
401,2
401,0
400,3
400,0
399,4
399,2
398,5
398,2
398,0
397,4
397,1
396,5
396,3
396,0
395,2
395,0
394,1
393,4
393,2
392,4
392,1
391,3
391,1
390,4
390,1
389,5
389,2
388,4
388,1
387,4
387,1
386,4
386,2
385,6
385,3
385,0
384,2
383,4
383,1
382,5
382,2
381,6
381,4
381,1
380,4
380,1
379,6
379,3
379,0
378,4
378,1
377,5
377,2
377,0
376,3
376,0
375,6
375,3
375,0
374,2
374,0
373,2
372,4
372,2
371,5
371,2
371,0
370,2
369,4
369,1
368,5
368,2
367,8
367,6
367,3
367,0
366,4
366,2
365,4
365,1
364,5
364,2
363,5
363,2
363,0
362,2
361,4
361,2
360,5
360,2
359,4
359,2
358,7
358,4
358,2
357,4
357,1
356,6
356,3
356,0
355,2
355,0
354,2
353,6
353,4
353,1
352,5
352,2
352,0
351,3
351,0
350,4
350,1
349,6
349,3
349,1
348,4
348,1
347,4
347,1
346,3
346,1
345,3
345,0
344,2
344,0
343,3
343,0
342,7
342,4
342,1
341,3
341,1
340,2
339,5
339,3
339,0
338,2
337,4
337,2
336,6
336,3
336,1
335,3
335,0
334,4
334,2
333,7
333,4
333,2
332,4
332,1
331,7
331,4
331,1
330,5
330,3
330,0
329,4
329,2
328,6
328,3
328,0
327,8
327,5
327,2
327,0
326,5
326,2
325,4
325,2
324,4
324,1
323,5
323,2
322,6
322,4
322,1
321,5
321,2
321,0
320,3
320,0
319,5
319,2
318,5
318,2
318,0
317,2
316,4
316,2
315,5
315,2
314,5
314,3
314,0
313,3
313,1
312,3
312,0
311,4
311,2
310,4
310,1
309,4
309,1
308,7
308,5
308,2
307,7
307,4
307,2
306,7
306,4
306,2
305,4
305,1
304,3
304,1
303,3
303,0
299,4
299,1
298,6
298,3
298,1
297,3
297,0
296,5
296,2
295,6
295,4
295,1
294,4
294,1
293,7
293,4
293,1
292,7
292,4
292,1
291,7
291,5
291,2
290,5
290,3
290,0
289,2
288,4
288,2
287,4
287,1
286,5
286,2
285,4
285,2
284,5
284,2
283,4
283,2
282,4
282,1
281,4
281,1
280,3
280,0
279,3
279,0
278,2
278,0
277,2
276,4
276,1
275,4
275,1
274,3
274,1
273,3
273,0
272,2
272,0
271,2
270,6
270,4
270,1
269,3
269,1
268,3
268,0
267,2
267,0
266,3
266,0
265,4
265,1
264,3
264,0
263,3
263,0
262,3
262,1
261,4
261,1
260,3
260,1
259,3
259,0
258,3
258,0
257,1
256,7
256,4
256,1
255,5
255,3
255,0
254,4
254,2
253,6
253,3
253,0
252,5
252,2
251,6
251,4
251,1
250,3
250,0
249,6
249,3
249,0
248,3
248,0
247,2
246,8
246,6
246,3
246,0
245,3
245,0
244,3
244,1
243,4
243,1
242,4
242,2
241,4
241,1
240,9
240,6
240,3
240,0
239,4
239,1
238,4
238,2
237,6
237,3
237,0
236,4
236,1
235,5
235,3
235,0
234,3
234,1
233,5
233,2
232,5
232,3
232,0
231,4
231,2
230,5
230,2
229,5
229,3
229,0
228,4
228,2
227,5
227,2
226,5
226,3
226,0
225,4
225,2
224,6
224,3
224,0
223,4
223,1
222,2
222,0
221,3
221,0
220,7
220,4
220,1
219,5
219,3
219,0
218,3
218,1
217,6
217,3
217,0
216,4
216,1
215,4
215,2
214,5
214,2
213,5
213,3
213,0
212,4
212,2
211,6
211,3
211,1
210,5
210,2
209,5
209,3
209,0
208,5
208,3
208,0
207,6
207,3
207,1
206,6
206,3
206,1
205,4
205,1
204,6
204,4
204,1
203,3
203,1
202,4
202,1
201,4
201,1
200,5
200,2
200,0
199,4
199,1
198,4
198,1
197,5
197,2
197,0
196,2
195,6
195,4
195,1
194,5
194,2
194,0
193,4
193,1
192,4
192,1
191,4
191,1
190,4
190,1
189,6
189,4
189,1
188,5
188,3
188,0
187,5
187,2
187,0
186,2
185,6
185,4
185,1
184,5
184,2
184,0
183,2
182,6
182,4
182,1
181,6
181,3
181,1
180,4
180,1
179,5
179,2
178,7
178,5
178,2
177,5
177,2
177,0
176,3
176,0
175,5
175,2
174,5
174,2
174,0
173,5
173,2
173,0
172,1
171,2
170,7
170,5
170,2
169,4
169,2
168,5
168,2
167,9
167,7
167,4
167,1
166,5
166,2
165,7
165,5
165,2
164,14
164,11
164,9
164,6
164,3
164,1
163,3
163,0
162,3
162,1
161,5
161,2
161,0
160,4
160,1
159,3
159,1
158,3
158,0
157,2
156,5
156,2
156,0
155,1
154,5
154,2
154,0
153,3
153,0
152,291
152,44
152,13
152,10
152,8
152,5
152,2
152,0
151,1
150,3
150,0
149,4
149,1
148,5
148,3
148,0
147,3
147,0
146,4
146,1
145,2
145,0
144,3
144,0
143,4
143,1
142,3
142,0
141,4
141,1
140,5
140,3
140,0
139,2
138,5
138,3
138,0
137,4
137,2
136,5
136,2
135,5
135,3
135,0
134,5
134,3
134,0
133,2
133,0
132,5
132,2
131,5
131,3
131,0
130,1
129,7
129,4
129,1
128,3
128,1
127,11
127,8
127,6
127,3
127,0
126,9
126,7
126,4
126,1
125,9
125,6
125,3
125,1
124,8
124,5
124,2
124,0
123,7
123,4
123,2
122,12
122,9
122,6
122,4
122,1
121,4
121,2
120,6
120,3
120,0
119,6
119,3
119,0
118,4
118,1
117,3
117,0
116,3
116,0
115,2
115,0
114,4
114,1
113,4
113,1
112,3
112,0
111,2
110,3
110,0
109,3
109,0
108,2
107,4
107,2
106,5
106,2
106,0
105,1
104,3
104,0
103,3
103,0
102,2
102,0
101,2
100,6
100,4
100,1
99,6
99,3
99,1
98,3
98,0
97,3
97,0
96,2
95,6
95,4
95,1
94,5
94,3
94,0
93,3
93,0
92,5
92,2
91,7
91,5
91,2
90,7
90,4
90,2
89,4
89,1
88,3
88,0
87,1
86,5
86,2
85,6
85,3
85,1
84,42
84,39
84,37
84,34
84,31
84,28
84,26
84,23
84,20
84,18
84,15
84,12
84,9
84,7
84,4
84,1
83,10
83,7
83,4
83,2
82,6
82,3
82,0
81,5
81,2
80,6
80,4
80,1
78,10
78,7
78,5
78,2
77,3
77,1
76,5
76,2
75,5
75,3
75,0
74,8
74,6
74,3
74,0
73,5
73,3
73,0
72,5
72,3
72,0
71,5
71,3
71,0
70,4
70,1
69,6
69,3
69,0
68,5
68,2
67,9
67,6
67,4
67,1
66,4
66,2
65,4
65,1
64,5
64,3
64,0
63,3
63,1
62,17
62,14
62,12
62,9
62,6
62,3
62,1
61,6
61,2
60,3
60,0
59,2
58,6
58,4
58,1
57,5
57,3
57,0
56,4
56,1
55,5
55,2
54,6
54,4
54,1
53,4
53,2
52,5
52,2
51,7
51,5
51,2
50,6
50,4
50,1
49,6
49,3
49,1
48,5
48,2
48,0
47,2
46,3
46,0
45,7
45,4
45,1
44,4
44,1
43,14
43,11
43,9
43,6
43,3
43,1
42,4
42,1
41,5
41,2
40,5
40,2
40,0
39,2
38,4
38,2
37,5
37,2
36,9
36,7
36,4
36,1
35,7
35,4
35,1
34,5
34,3
34,0
33,5
33,3
33,0
32,6
32,4
32,1
31,3
31,0
30,5
30,2
29,4
29,2
28,8
28,5
28,2
28,0
27,23
27,20
27,18
27,15
27,12
27,9
27,7
27,4
27,1
26,21
26,18
26,15
26,12
26,10
26,7
26,4
26,2
25,22
25,19
25,17
25,14
25,11
25,8
25,6
25,3
25,0
24,8
24,5
24,2
4,3
4,1
3,5
3,2
3,0
2,129
2,126
2,123
2,121
2,118
2,115
2,113
2,110
2,107
2,105
2,102
2,99
2,96
2,94
2,91
2,88
2,86
2,83
2,80
2,77
2,75
2,72
2,69
2,67
2,64
2,33
2,30
2,28
2,25
2,22
2,20
2,17
2,14
0,277
0,413
0,276
0,503
0,275
0,485
0,274
0,502
0,273
0,313
0,272
0,324
0,271
0,433
0,270
0,412
0,269
0,469
0,268
0,309
0,267
0,481
0,266
0,442
0,265
0,372
0,264
0,263
0,500
0,262
0,379
0,261
0,306
0,260
0,422
0,259
0,370
0,258
0,257
0,389
0,256
0,439
0,255
0,438
0,254
0,330
0,253
0,398
0,252
0,436
0,251
0,333
0,250
0,368
0,249
0,312
0,248
0,323
0,247
0,409
0,246
0,301
0,245
0,475
0,244
0,347
0,242
0,388
0,241
0,364
0,240
0,494
0,239
0,238
0,331
0,237
0,421
0,236
0,408
0,235
0,496
0,234
0,428
0,233
0,381
0,232
0,474
0,231
0,427
0,230
0,367
0,229
0,406
0,228
0,425
0,227
0,332
0,226
0,405
0,225
0,380
0,224
0,417
0,223
0,401
0,222
0,366
0,221
0,220
0,365
0,219
0,340
0,218
0,495
0,217
0,371
0,216
0,363
0,215
0,329
0,214
0,397
0,213
0,362
0,212
0,359
0,211
0,210
0,352
0,209
0,338
0,208
0,344
0,207
0,416
0,206
0,437
0,205
0,336
0,204
0,203
0,471
0,202
0,415
0,201
0,357
0,200
0,356
0,199
0,325
0,198
0,435
0,197
0,510
0,196
0,424
0,195
0,418
0,194
0,354
0,193
0,426
0,192
0,63
0,395
0,62
0,353
0,61
0,468
0,60
0,410
0,59
0,507
0,58
0,314
0,57
0,506
0,56
0,493
0,55
0,403
0,54
0,53
0,393
0,52
0,51
0,452
0,50
0,386
0,49
0,394
0,48
0,319
0,47
0,311
0,46
0,335
0,45
0,404
0,6
0,5
0,1
0,430
0,11
0,4
0,2
0,3
0,7
